[cosmo_params]
omega_b = 0.047 0.048 0.049
omega_m = 0.1 0.3 0.6
h = 0.5 0.7 0.9
n_s = 0.9 0.96 1.1
sigma_8 = 0.3 0.8 1.2
b1 = 0.1 1.16755587 2.0
b2 = 0.1 1.28476835 2.0
b3 = 0.1 1.41230436 2.0
b4 = 0.1 1.54647266 2.0
b5 = 0.1 1.68530174 2.0